0   -2.1466         0
    2.7766    1.2240    0.4914
   -0.3282    2.2143   -1.6771
         0   -1.9102         0
   -2.2403   -1.2284   -1.0797
    1.1353         0         0
    0.5747    0.2941    0.0439
    2.1812         0         0
   -1.1726   -1.3602   -1.5519
    1.1353    2.4517    5.5212
    0.8779    1.2240    1.0429
    1.6226   -1.2284    1.5740
    0.8779   -1.3602    1.3930
    0.8779   -0.2777    0.0570
    0.3211   -2.5897    2.2951
    1.6452    2.4935    5.8706
   -0.3282    0.2941   -0.0272
    0.5747    0.9702    0.4606
   -0.3282    1.2240   -0.4740
    2.3420    1.4692    1.4429
    2.8155   -1.3602    0.6201
   -2.2403   -0.2777   -0.0660
   -2.2403    2.4935   -4.6835
    2.1812   -1.2284    1.3447
    2.8155   -1.2284    0.4521
    1.1353    2.4935    5.7046
    0.8779   -1.2284    1.2606
   -2.4378   -1.3602   -1.2444
   -2.4378   -2.1466   -3.2088
    0.5747    2.4517    3.1688
   -0.3282    1.4692   -0.7131
   -0.9408    1.2240   -1.1126
    2.1812    2.4517    5.2345
    0.3211   -1.2284    0.4491
    1.6452   -2.1466    4.8816
    1.1353    1.2240    1.3693
    2.3420    3.1405    6.5931
    2.7766    0.6568    0.1653
         0   -2.5897         0
    1.6226   -2.1466    4.6720
   -2.2403    1.4692   -1.5734
   -3.0367    1.4692   -0.2389
   -2.3892    1.4692   -1.5914
    2.8155   -2.5897    1.9919
   -1.4461    2.4935   -6.1866
   -3.0367    1.6268   -0.2595
    1.6452   -0.5569    0.2915
   -2.3892    0.9702   -0.5797
    1.6226    1.4692    1.9601
    1.6452   -1.2284    1.4183
   -0.3282   -2.7368   -2.2260
    1.1353   -0.5569    0.3025
   -1.4461   -1.3602   -1.9050
   -2.2403   -2.7465   -6.3785
    2.3420    0.9702    0.7114
    1.1353    0.9702    0.8071
    1.6452   -2.7465    7.6218
    2.3420   -2.7465    5.7740
   -1.6408    2.4517   -6.3476
    2.1812    0.2941    0.0734
   -0.6561   -0.2777   -0.0507
   -1.4461   -2.7465   -6.7374
   -3.0367   -1.9102   -0.3738
    2.7766    1.4692    0.6979
   -0.3282    0.6568   -0.1386
    2.8155    3.1405    3.3142
   -1.1726   -0.5569   -0.2708
   -0.6561    2.4517   -3.3230
   -2.4378   -2.5897   -4.6357
   -0.3282    2.4935   -2.0406
   -0.3282   -0.2777   -0.0265
   -1.1726   -2.1466   -4.0544
   -2.4378   -1.2284   -0.9314
    2.1812   -2.7465    6.4689
   -3.0367         0         0
    2.1812    1.2240    1.2817
   -2.4378   -0.8750   -0.4896
    2.1812   -1.9102    2.9182
   -0.6561   -2.1466   -2.9544
         0   -0.2777         0
    2.7766    2.2143    1.7503
    2.7766   -1.3602    0.6383
    1.1353   -2.1466    4.0935
   -0.3282   -2.1466   -1.5560
    2.8155    0.9702    0.3124
   -0.6561    1.6268   -1.7573
   -2.3892    2.4935   -4.6406
         0    1.2240         0
   -2.4378    2.4517   -4.0290
   -0.9408    2.2143   -3.6968
   -1.6408    0.9702   -0.8859
   -2.3892   -2.1466   -3.1099
   -2.2403    1.6268   -2.2699
   -2.3892    0.6568   -0.2736
    0.5747   -0.8750    0.4080
    1.6226    1.2240    1.5603
   -2.2403         0         0
    0.3211   -0.8750    0.2396
   -2.4378   -1.9102   -2.2395
   -0.3282         0         0
    0.3211    1.2240    0.4377
   -0.9408   -2.5897   -5.3067
   -0.6561    2.2143   -3.2806
    0.3211    2.2143    1.4364
    2.3420   -0.2777    0.0552
    2.1812   -2.5897    5.0885
    0.3211   -1.3602    0.6049
   -1.6408    0.6568   -0.4081
   -2.2403    2.2143   -4.2234
   -0.9408    2.4935   -5.4954
   -3.0367   -0.5569   -0.0296
    2.1812   -0.8750    0.6768
   -1.4461    1.4692   -2.3538
    0.8779   -0.5569    0.2497
   -2.2403    1.2240   -1.1905
    2.3420    0.6568    0.2847
    2.8155   -2.7368    2.6093
   -3.0367    1.2240   -0.1511
   -0.3282   -1.9102   -1.2640
    2.3420   -0.8750    0.5102
   -1.6408   -2.5897   -6.4385
   -2.3892    2.4517   -4.4922
   -1.6408    1.4692   -2.1700
   -0.9408    1.6268   -1.9459
   -1.4461    2.2143   -4.5437
   -2.4378    1.2240   -1.0087
   -2.3892    1.2240   -1.0076
   -2.4378   -0.5569   -0.1845
    0.3211         0         0
   -0.9408   -2.1466   -3.4281
   -1.4461   -0.5569   -0.3192
    2.3420    2.2143    3.8468
    1.6226    2.4517    6.5878
   -2.4378    1.6268   -1.6720
    2.3420    0.2941    0.0640
   -2.4378    0.9702   -0.6246
         0    2.2143         0
    1.6226   -1.3602    1.7238
    1.6226   -2.5897    6.9770
    1.6452    0.9702    0.8598
    0.3211   -0.5569    0.0982
   -1.6408         0         0
    2.8155   -1.9102    1.2073
   -3.0367   -2.7368   -0.7162
   -1.6408    0.2941   -0.0941
   -3.0367    2.4935   -0.6872
    2.1812    1.4692    1.7040
   -1.1726    1.4692   -1.7987
    0.5747   -1.9102    1.8342
    0.8779    0.2941    0.0687
   -0.3282   -0.8750   -0.2542
    2.8155    2.4517    2.0035
   -1.4461    0.2941   -0.0912
    2.1812   -2.7368    6.6996
   -1.6408    1.2240   -1.3778
         0   -1.2284         0
   -1.1726    1.2240   -1.5190
   -2.3892   -0.5569   -0.2301
    1.1353   -0.2777    0.0694
   -3.0367    2.4517   -0.6186
    1.6226    3.1405   10.7264
    2.8155    2.4935    2.1847
   -2.4378    1.4692   -1.4121
    2.1812   -2.1466    3.9027
   -2.3892    1.6268   -1.6841
   -1.4461   -0.8750   -0.8262
    0.8779   -1.9102    2.6087
   -1.4461   -2.7368   -7.4815
    1.6226    0.9702    0.8643
    1.6452   -1.3602    1.7647
    2.8155         0         0
   -3.0367    3.1405   -1.0290
   -1.1726         0         0
    2.8155   -0.8750    0.2388
    2.8155    1.4692    0.7117
   -2.4378    2.2143   -3.1437
    0.5747    1.4692    1.2712
    1.6226   -2.7368    6.9084
         0    0.9702         0
   -0.9408         0         0
    1.1353   -1.3602    1.8439
   -0.3282   -2.5897   -2.1184
    0.5747   -0.5569    0.1601
         0   -0.5569         0
    2.8155    0.6568    0.1436
    2.1812   -0.2777    0.0580
    1.6226    1.6268    2.4114
   -0.3282    1.6268   -0.8713
    2.8155   -2.7465    2.4026
    0.3211    0.6568    0.1254
   -3.0367   -0.8750   -0.0802
   -1.1726   -2.5897   -6.6830
   -1.6408    3.1405   -9.9592
         0   -0.8750         0
         0    0.6568         0
   -0.9408    0.6568   -0.3232
    2.1812   -1.3602    1.5278
   -2.4378    2.4935   -4.3512
   -1.6408   -0.2777   -0.0837
   -2.2403    0.2941   -0.0640
    2.3420   -1.9102    2.4343
   -2.2403    0.6568   -0.3550
   -0.6561   -1.2284   -0.9485
    2.3420   -2.1466    3.3562
         0         0         0
   -0.6561   -1.3602   -1.1040
    2.1812   -0.5569    0.2401
   -0.9408   -1.9102   -2.9356
    0.5747    2.4935    3.4080
    1.6452   -0.2777    0.0777
   -1.1726    2.4517   -5.7569
    0.5747    3.1405    5.3642
    2.7766   -0.2777    0.0274
   -1.6408   -2.7368   -7.0470
   -1.1726    0.6568   -0.4201
   -1.6408    2.2143   -5.2194
   -1.6408   -1.2284   -1.6456
   -1.1726   -0.2777   -0.0724
   -1.4461    0.6568   -0.4229
    2.1812    2.2143    4.2744
   -2.4378    0.2941   -0.0550
   -0.6561   -1.9102   -2.4342
    1.6226   -0.2777    0.0841
    1.1353    0.2941    0.0780
   -1.1726   -2.7465   -6.6659
   -1.6408   -2.1466   -4.9960
   -2.2403    3.1405   -8.4472
   -3.0367    0.9702   -0.1025
   -2.3892   -1.3602   -1.1697
   -0.3282    3.1405   -3.1568
    2.8155   -2.1466    1.5603
    2.7766    2.4517    2.2811
   -2.2403   -0.8750   -0.6135
    0.3211   -0.2777    0.0240
   -1.4461   -1.2284   -1.4211
   -1.1726    3.1405   -9.0320
    1.1353   -2.7368    7.3223
   -1.1726   -1.2284   -1.3088
    2.7766   -2.7465    2.7352
    0.8779   -2.5897    5.0348
   -0.6561    0.9702   -0.5981
    2.1812    0.9702    0.7690
   -3.0367   -2.5897   -0.7006
    0.3211   -2.1466    1.3672
   -0.6561   -0.5569   -0.2040
   -0.6561    2.4935   -4.0980
   -3.0367   -1.3602   -0.2016
   -1.4461   -2.5897   -6.2716
   -0.3282   -0.5569   -0.0983
   -2.3892   -1.9102   -2.4029
   -0.6561    0.2941   -0.0515
    0.8779   -2.7368    5.5063
    2.7766   -2.5897    2.1998
    2.3420   -1.3602    1.4380
    1.6452    2.2143    4.6210
    0.5747         0         0
    2.7766   -1.2284    0.5772
    1.1353    0.6568    0.3543
   -2.4378   -2.7368   -4.7239
   -1.4461    1.6268   -2.4026
    1.6452    1.4692    2.3247
    2.1812    1.6268    2.3143
    0.8779   -2.7465    5.3277
   -2.4378   -0.2777   -0.0479
    1.1353   -1.2284    1.4058
    2.7766    1.6268    0.9472
   -1.4461    3.1405   -9.5098
    2.3420    2.4517    4.6593
    0.3211   -2.7465    2.1842
    1.6452    1.6268    2.8368
    2.8155    2.2143    1.6455
   -0.9408   -1.2284   -1.2128
    2.1812    0.6568    0.3487
   -0.6561    3.1405   -5.5192
    0.3211    2.4517    2.0370
   -0.9408   -2.7368   -5.9566
   -2.2403    2.4517   -4.2926
    0.8779   -2.1466    3.7472
   -0.9408    0.9702   -0.7024
    1.6452    2.4517    6.5133
   -0.9408   -0.8750   -0.5963
    2.7766    2.4935    2.3467
    1.6226   -0.5569    0.2952
    2.7766    0.2941    0.0323
    1.6226    2.4935    6.5511
   -1.6408   -2.7465   -7.4174
   -2.4378    0.6568   -0.3027
   -0.3282   -1.3602   -0.5756
   -0.9408    1.4692   -1.6648
    2.3420    2.4935    4.1943
   -1.4461    1.2240   -1.3405
   -1.6408    2.4935   -5.7040
   -0.6561   -2.5897   -4.1414
         0    0.2941         0
    2.7766   -2.7368    2.9135
   -0.6561    1.2240   -0.9349
   -2.3892    0.2941   -0.0604
   -1.1726   -2.7368   -6.4238
    2.8155    0.2941    0.0298
   -1.1726    0.9702   -0.9050
    2.7766   -0.8750    0.2474
   -0.6561   -2.7465   -4.8071
    0.3211    0.2941    0.0256
   -2.3892         0         0
    2.8155    1.2240    0.4349
   -3.0367    0.6568   -0.0412
   -1.1726    2.2143   -4.5494
   -2.3892    3.1405   -7.2186
   -0.9408   -2.7465   -5.8475
    1.6226   -0.8750    0.6925
   -0.3282   -2.7465   -2.3637
    2.8155   -0.5569    0.1035
    0.3211    2.4935    1.9796
    2.3420   -2.7368    5.3594
    0.8779         0         0
   -3.0367    2.2143   -0.4647
    2.3420    1.6268    1.8051
    1.6226   -1.9102    3.3726
   -1.4461   -0.2777   -0.0831
   -1.6408   -1.3602   -1.6941
    0.5747   -2.7465    4.0659
    2.7766   -1.9102    1.2998
    1.6452         0         0
   -1.4461    2.4517   -6.2970
   -0.3282   -1.2284   -0.5258
    0.8779    0.6568    0.3441
   -2.4378         0         0
   -2.2403   -2.5897   -5.6532
   -0.9408    0.2941   -0.0735
    0.5747   -2.5897    3.4151
   -3.0367   -2.7465   -0.8393
   -0.6561    0.6568   -0.2549
   -2.2403   -0.5569   -0.2557
   -2.3892   -1.2284   -1.0602
    2.3420         0         0
    2.7766    3.1405    3.6824
    0.8779    0.9702    0.7152
   -0.9408    3.1405   -7.9070
    1.1353   -1.9102    3.1435
    0.3211    3.1405    3.3881
   -0.3282    0.9702   -0.3105
   -1.4461    0.9702   -0.9831
    1.6452   -0.8750    0.7255
    1.1353    2.2143    4.7407
    0.8779    1.4692    1.6311
   -3.0367   -2.1466   -0.5303
    1.6226         0         0
    0.5747   -1.3602    0.9355
   -2.2403   -2.1466   -3.4465
   -2.3892   -0.2777   -0.0556
   -2.3892   -2.7465   -5.0211
    0.3211    1.4692    0.6587
         0    3.1405         0
    0.3211    1.6268    0.8861
   -0.6561    1.4692   -1.4089
   -1.1726    2.4935   -6.2549
   -2.3892   -2.5897   -4.3769
   -2.4378   -2.7465   -4.6345
    1.1353    3.1405    9.1182
    0.3211   -2.7368    2.2342
    0.8779    3.1405    7.3711
    1.6226    2.2143    5.1799
    2.1812    2.4935    4.8938
    2.8155   -0.2777    0.0243
   -1.4461   -2.1466   -4.6513
   -2.2403   -2.7368   -5.6841
    0.3211    0.9702    0.3233
    0.5747    1.6268    1.5667
    2.7766   -0.5569    0.1044
         0    1.4692         0
    2.7766         0         0
   -2.3892   -0.8750   -0.5438
    1.6452   -1.9102    3.8557
    1.1353   -2.5897    6.2365
    0.5747   -2.1466    2.6036
    0.8779    2.4517    4.9408
   -2.2403   -1.3602   -1.4679
    0.5747    2.2143    2.5816
         0    2.4517         0
   -2.2403    0.9702   -0.7634
   -1.6408   -0.8750   -0.7810
    1.6226    0.2941    0.0915
   -2.2403   -1.9102   -3.0271
    1.1353    1.6268    2.5219
   -1.4461   -1.9102   -3.5931
    1.1353   -2.7465    7.3200
    0.8779    1.6268    2.1747
         0   -2.7465         0
   -1.6408   -0.5569   -0.3280
    2.8155    1.6268    0.7725
   -2.4378    3.1405   -5.8940
    1.6452    1.2240    1.4644
    1.6226   -2.7465    7.2025
   -1.6408   -1.9102   -3.9842
    1.6452   -2.7368    7.4364
    2.3420   -0.5569    0.2094
    1.6452   -2.5897    6.4752
   -3.0367   -0.2777   -0.0073
   -1.1726    1.6268   -2.5169
    0.8779    2.4935    4.8602
   -1.1726    0.2941   -0.0779
    2.7766    0.9702    0.3297
         0    1.6268         0
    1.6452    0.6568    0.4589
   -0.9408   -0.5569   -0.2449
    2.7766   -2.1466    1.7812
   -3.0367   -1.2284   -0.1490
   -0.6561   -0.8750   -0.4252
   -2.3892   -2.7368   -5.4748
   -1.1726   -1.9102   -3.2570
    0.8779    2.2143    4.0868
    1.6452    0.2941    0.0829
    1.1353    1.4692    1.9177
   -0.9408   -1.3602   -1.5776
    0.5747    0.6568    0.2119
    2.3420   -1.2284    1.1312
    2.1812    3.1405    7.3156
   -2.3892    2.2143   -3.2240
    1.6452    3.1405   10.1315
   -0.6561         0         0
    0.5747    1.2240    0.8144
   -0.9408    2.4517   -4.5438
    0.5747   -1.2284    0.8534
         0    2.4935         0
         0   -1.3602         0
         0   -2.7368         0
   -1.4461         0         0
   -0.3282    2.4517   -1.8496
   -0.6561   -2.7368   -4.5617
    2.3420    1.2240    1.0301
   -1.6408    1.6268   -2.5097
    0.8779   -0.8750    0.5596
    0.3211   -1.9102    1.1063
    2.3420   -2.5897    4.4269
    1.6226    0.6568    0.4553
   -3.0367    0.2941   -0.0087
    1.1353   -0.8750    0.7296
   -1.1726   -0.8750   -0.7091
    0.5747   -0.2777    0.0402
    0.5747   -2.7368    3.8784
   -0.9408   -0.2777   -0.0649